100 0
100 130000
100 140000
100 150000
100 160000
100 170000
100 180000
100 190000
100 200000
100 210000
100 220000
100 230000
100 240000
100 250000
100 260000
100 270000
100 280000
100 290000
100 300000
100 310000
100 320000
100 330000
100 340000
100 350000
100 360000
100 370000
100 380000
100 390000
100 400000
100 410000
100 420000
100 430000
100 440000
100 450000
100 460000
100 470000
100 480000
100 490000
100 500000
100 510000
100 520000
100 530000
100 540000
100 550000
100 560000
100 570000
100 580000
100 590000
100 600000
100 610000
100 620000
100 630000
100 640000
100 650000
100 660000
100 670000
100 680000
100 690000
100 700000
100 710000
100 720000
100 730000
100 740000
100 750000
100 760000
100 770000
100 780000
100 790000
100 800000
100 810000
100 820000
100 830000
100 840000
100 850000
100 860000
100 870000
100 880000
100 890000
100 900000
100 910000
100 920000
100 930000
100 940000
100 950000
100 960000
100 970000
100 980000
100 990000
100 1000000
100 1010000
100 1020000
100 1030000
100 1040000
100 1050000
100 1060000
100 1070000
100 1080000
100 1090000
100 1100000
100 1110000
100 1120000
100 1130000
100 1140000
100 1150000
100 1160000
100 1170000
100 1180000
100 1190000
100 1200000
100 1210000
100 1220000
100 1230000
100 1240000
100 1250000
100 1260000
100 1270000
100 1280000
100 1290000
100 1300000
100 1310000
100 1320000
100 1330000
100 1340000
100 1350000
100 1360000
100 1370000
100 1380000
100 1390000
100 1400000
100 1410000
100 1420000
100 1430000
100 1440000
100 1450000
100 1460000
100 1470000
100 1480000
100 1490000
100 1500000
100 1510000
100 1520000
100 1530000
100 1540000
100 1550000
100 1560000
100 1570000
100 1580000
100 1590000
100 1600000
100 1610000
100 1620000
100 1630000
100 1640000
100 1650000
100 1660000
100 1670000
100 1680000
100 1690000
100 1700000
100 1710000
100 1720000
100 1730000
100 1740000
100 1750000
100 1760000
100 1770000
100 1780000
100 1790000
100 1800000
100 1810000
100 1820000
100 1830000
100 1840000
100 1850000
100 1860000
100 1870000
100 1880000
100 1890000
100 1900000
100 1910000
100 1920000
100 1930000
100 1940000
100 1950000
100 1960000
100 1970000
100 1980000
100 1990000
100 2000000
100 2010000
100 2020000
100 2030000
100 2040000
100 2050000
100 2060000
100 2070000
100 2080000
100 2090000
100 2100000
100 2110000
100 2120000
100 2130000
100 2140000
100 2150000
100 2160000
100 2170000
100 2180000
100 2190000
100 2200000
100 2210000
100 2220000
100 2230000
100 2240000
100 2250000
100 2260000
100 2270000
100 2280000
100 2290000
100 2300000
100 2310000
100 2320000
100 2330000
100 2340000
100 2350000
100 2360000
100 2370000
100 2380000
100 2390000
100 2400000
100 2410000
100 2420000
100 2430000
100 2440000
100 2450000
100 2460000
100 2470000
100 2480000
100 2490000
100 2500000
100 2510000
100 2520000
100 2530000
100 2540000
100 2550000
100 2560000
100 2570000
100 2580000
100 2590000
100 2600000
100 2610000
100 2620000
100 2630000
100 2640000
100 2650000
100 2660000
100 2670000
100 2680000
100 2690000
100 2700000
100 2710000
100 2720000
100 2730000
100 2740000
100 2750000
100 2760000
100 2770000
100 2780000
100 2790000
100 2800000
100 2810000
100 2820000
100 2830000
100 2840000
100 2850000
100 2860000
100 2870000
100 2880000
100 2890000
100 2900000
100 2910000
100 2920000
100 2930000
100 2940000
100 2950000
100 2960000
100 2970000
100 2980000
100 2990000
100 3000000
100 3010000
100 3020000
100 3030000
100 3040000
100 3050000
100 3060000
100 3070000
100 3080000
100 3090000
100 3100000
100 3110000
